  0.000000   0.010025   0.020050   0.030075
  0.040100   0.050125   0.060150   0.070175
  0.080201   0.090226   0.100251   0.110276
  0.120301   0.130326   0.140351   0.150376
  0.160401   0.170426   0.180451   0.190476
  0.200501   0.210526   0.220551   0.230576
  0.240602   0.250627   0.260652   0.270677
  0.280702   0.290727   0.300752   0.310777
  0.320802   0.330827   0.340852   0.350877
  0.360902   0.370927   0.380952   0.390977
  0.401003   0.411028   0.421053   0.431078
  0.441103   0.451128   0.461153   0.471178
  0.481203   0.491228   0.501253   0.511278
  0.521303   0.531328   0.541353   0.551378
  0.561404   0.571429   0.581454   0.591479
  0.601504   0.611529   0.621554   0.631579
  0.641604   0.651629   0.661654   0.671679
  0.681704   0.691729   0.701754   0.711779
  0.721805   0.731830   0.741855   0.751880
  0.761905   0.771930   0.781955   0.791980
  0.802005   0.812030   0.822055   0.832080
  0.842105   0.852130   0.862155   0.872180
  0.882206   0.892231   0.902256   0.912281
  0.922306   0.932331   0.942356   0.952381
  0.962406   0.972431   0.982456   0.992481
  1.002506   1.012531   1.022556   1.032581
  1.042607   1.052632   1.062657   1.072682
  1.082707   1.092732   1.102757   1.112782
  1.122807   1.132832   1.142857   1.152882
  1.162907   1.172932   1.182957   1.192982
  1.203008   1.213033   1.223058   1.233083
  1.243108   1.253133   1.263158   1.273183
  1.283208   1.293233   1.303258   1.313283
  1.323308   1.333333   1.343358   1.353383
  1.363409   1.373434   1.383459   1.393484
  1.403509   1.413534   1.423559   1.433584
  1.443609   1.453634   1.463659   1.473684
  1.483709   1.493734   1.503759   1.513784
  1.523810   1.533835   1.543860   1.553885
  1.563910   1.573935   1.583960   1.593985
  1.604010   1.614035   1.624060   1.634085
  1.644110   1.654135   1.664160   1.674185
  1.684211   1.694236   1.704261   1.714286
  1.724311   1.734336   1.744361   1.754386
  1.764411   1.774436   1.784461   1.794486
  1.804511   1.814536   1.824561   1.834586
  1.844612   1.854637   1.864662   1.874687
  1.884712   1.894737   1.904762   1.914787
  1.924812   1.934837   1.944862   1.954887
  1.964912   1.974937   1.984962   1.994987
  2.005013   2.015038   2.025063   2.035088
  2.045113   2.055138   2.065163   2.075188
  2.085213   2.095238   2.105263   2.115288
  2.125313   2.135338   2.145363   2.155388
  2.165414   2.175439   2.185464   2.195489
  2.205514   2.215539   2.225564   2.235589
  2.245614   2.255639   2.265664   2.275689
  2.285714   2.295739   2.305764   2.315789
  2.325815   2.335840   2.345865   2.355890
  2.365915   2.375940   2.385965   2.395990
  2.406015   2.416040   2.426065   2.436090
  2.446115   2.456140   2.466165   2.476190
  2.486216   2.496241   2.506266   2.516291
  2.526316   2.536341   2.546366   2.556391
  2.566416   2.576441   2.586466   2.596491
  2.606516   2.616541   2.626566   2.636591
  2.646617   2.656642   2.666667   2.676692
  2.686717   2.696742   2.706767   2.716792
  2.726817   2.736842   2.746867   2.756892
  2.766917   2.776942   2.786967   2.796992
  2.807018   2.817043   2.827068   2.837093
  2.847118   2.857143   2.867168   2.877193
  2.887218   2.897243   2.907268   2.917293
  2.927318   2.937343   2.947368   2.957393
  2.967419   2.977444   2.987469   2.997494
  3.007519   3.017544   3.027569   3.037594
  3.047619   3.057644   3.067669   3.077694
  3.087719   3.097744   3.107769   3.117794
  3.127820   3.137845   3.147870   3.157895
  3.167920   3.177945   3.187970   3.197995
  3.208020   3.218045   3.228070   3.238095
  3.248120   3.258145   3.268170   3.278195
  3.288221   3.298246   3.308271   3.318296
  3.328321   3.338346   3.348371   3.358396
  3.368421   3.378446   3.388471   3.398496
  3.408521   3.418546   3.428571   3.438596
  3.448622   3.458647   3.468672   3.478697
  3.488722   3.498747   3.508772   3.518797
  3.528822   3.538847   3.548872   3.558897
  3.568922   3.578947   3.588972   3.598997
  3.609023   3.619048   3.629073   3.639098
  3.649123   3.659148   3.669173   3.679198
  3.689223   3.699248   3.709273   3.719298
  3.729323   3.739348   3.749373   3.759398
  3.769424   3.779449   3.789474   3.799499
  3.809524   3.819549   3.829574   3.839599
  3.849624   3.859649   3.869674   3.879699
  3.889724   3.899749   3.909774   3.919799
  3.929825   3.939850   3.949875   3.959900
  3.969925   3.979950   3.989975   4.000000
  0.000000   0.001482   0.005561   0.011762
  0.019693   0.029036   0.039529   0.050958
  0.063149   0.075954   0.089252   0.102952
  0.116974   0.131245   0.145705   0.160312
  0.175032   0.189833   0.204683   0.219552
  0.234423   0.249282   0.264117   0.278914
  0.293659   0.308337   0.322937   0.337455
  0.351885   0.366223   0.380460   0.394589
  0.408602   0.422488   0.436245   0.449870
  0.463362   0.476717   0.489930   0.502998
  0.515915   0.528673   0.541271   0.553715
  0.566004   0.578134   0.590106   0.601917
  0.613565   0.625049   0.636369   0.647523
  0.658501   0.669301   0.679921   0.690363
  0.700624   0.710702   0.720594   0.730294
  0.739797   0.749095   0.758181   0.767053
  0.775713   0.784163   0.792402   0.800429
  0.808241   0.815835   0.823208   0.830356
  0.837271   0.843951   0.850398   0.856614
  0.862597   0.868348   0.873864   0.879145
  0.884188   0.888991   0.893550   0.897863
  0.901933   0.905758   0.909340   0.912678
  0.915772   0.918620   0.921222   0.923577
  0.925683   0.927538   0.929145   0.930503
  0.931613   0.932474   0.933087   0.933452
  0.933568   0.933436   0.933055   0.932426
  0.931548   0.930424   0.929052   0.927434
  0.925568   0.923456   0.921098   0.918496
  0.915649   0.912560   0.909230   0.905660
  0.901853   0.897807   0.893522   0.888996
  0.884232   0.879230   0.873991   0.868518
  0.862813   0.856881   0.850725   0.844347
  0.837748   0.830925   0.823878   0.816608
  0.809114   0.801401   0.793470   0.785325
  0.776970   0.768410   0.759651   0.750692
  0.741530   0.732167   0.722602   0.712837
  0.702875   0.692720   0.682375   0.671848
  0.661143   0.650267   0.639216   0.627989
  0.616588   0.605014   0.593268   0.581356
  0.569280   0.557049   0.544667   0.532143
  0.519476   0.506669   0.493727   0.480656
  0.467462   0.454153   0.440736   0.427218
  0.413608   0.399915   0.386147   0.372303
  0.358384   0.344392   0.330328   0.316199
  0.302010   0.287769   0.273484   0.259164
  0.244804   0.230403   0.215961   0.201480
  0.186964   0.172415   0.157840   0.143244
  0.128635   0.114009   0.099366   0.084704
  0.070025   0.055329   0.040620   0.025901
  0.011177  -0.003546  -0.018266  -0.032984
 -0.047703  -0.062423  -0.077143  -0.091862
 -0.106577  -0.121285  -0.135981  -0.150660
 -0.165315  -0.179951  -0.194567  -0.209166
 -0.223746  -0.238307  -0.252845  -0.267357
 -0.281837  -0.296278  -0.310674  -0.325021
 -0.339322  -0.353578  -0.367789  -0.381954
 -0.396069  -0.410130  -0.424132  -0.438065
 -0.451923  -0.465696  -0.479384  -0.492990
 -0.506514  -0.519952  -0.533299  -0.546549
 -0.559691  -0.572714  -0.585605  -0.598346
 -0.610935  -0.623376  -0.635667  -0.647810
 -0.659800  -0.671633  -0.683303  -0.694802
 -0.706120  -0.717248  -0.728194  -0.738958
 -0.749540  -0.759938  -0.770150  -0.780172
 -0.790000  -0.799631  -0.809059  -0.818284
 -0.827308  -0.836130  -0.844749  -0.853164
 -0.861373  -0.869374  -0.877162  -0.884734
 -0.892086  -0.899220  -0.906136  -0.912835
 -0.919315  -0.925577  -0.931618  -0.937436
 -0.943028  -0.948391  -0.953521  -0.958419
 -0.963087  -0.967525  -0.971732  -0.975708
 -0.979451  -0.982960  -0.986233  -0.989267
 -0.992060  -0.994611  -0.996922  -0.998993
 -1.000823  -1.002413  -1.003761  -1.004867
 -1.005730  -1.006347  -1.006717  -1.006840
 -1.006718  -1.006349  -1.005733  -1.004872
 -1.003764  -1.002408  -1.000805  -0.998954
 -0.996854  -0.994505  -0.991909  -0.989065
 -0.985972  -0.982632  -0.979044  -0.975209
 -0.971127  -0.966799  -0.962225  -0.957408
 -0.952349  -0.947049  -0.941505  -0.935719
 -0.929691  -0.923422  -0.916914  -0.910169
 -0.903190  -0.895979  -0.888541  -0.880881
 -0.872995  -0.864886  -0.856554  -0.848002
 -0.839233  -0.830250  -0.821050  -0.811644
 -0.802063  -0.792342  -0.782467  -0.772371
 -0.762082  -0.751684  -0.741153  -0.730441
 -0.719517  -0.708450  -0.697250  -0.685866
 -0.674286  -0.662552  -0.650697  -0.638682
 -0.626481  -0.614142  -0.601648  -0.588988
 -0.576200  -0.563264  -0.550179  -0.536972
 -0.523629  -0.510147  -0.496549  -0.482837
 -0.468989  -0.455009  -0.440897  -0.426672
 -0.412389  -0.398039  -0.383597  -0.369005
 -0.354350  -0.339596  -0.324694  -0.309675
 -0.294633  -0.279480  -0.264255  -0.249072
 -0.233840  -0.218464  -0.203060  -0.187568
 -0.172000  -0.156473  -0.140974  -0.125427
 -0.109789  -0.094076  -0.078355  -0.062650
 -0.046838  -0.031107  -0.015354   0.000491
  0.000000   0.286097   0.519815   0.710641
  0.866345   0.993283   1.096640   1.180676
  1.248803   1.303885   1.348288   1.383755
  1.411796   1.433758   1.450776   1.463574
  1.472730   1.478803   1.482321   1.483776
  1.483434   1.481443   1.477965   1.473172
  1.467254   1.460413   1.452778   1.444345
  1.435120   1.425135   1.414441   1.403116
  1.391258   1.378977   1.366264   1.353065
  1.339354   1.325137   1.310447   1.295349
  1.279937   1.264336   1.248713   1.233137
  1.217561   1.201934   1.186205   1.170322
  1.154234   1.137889   1.121235   1.104220
  1.086947   1.069436   1.051605   1.033395
  1.014774   0.995731   0.976280   0.956461
  0.936336   0.915992   0.895539   0.874973
  0.854182   0.833117   0.811746   0.790059
  0.768061   0.745779   0.723257   0.700558
  0.677764   0.654931   0.631969   0.608845
  0.585540   0.562050   0.538377   0.514538
  0.490560   0.466481   0.442350   0.418202
  0.393991   0.369698   0.345316   0.320840
  0.296276   0.271634   0.246929   0.222185
  0.197430   0.172691   0.147941   0.123171
  0.098383   0.073578   0.048761   0.023938
 -0.000884  -0.025693  -0.050478  -0.075224
 -0.099942  -0.124636  -0.149291  -0.173894
 -0.198434  -0.222905  -0.247302  -0.271622
 -0.295869  -0.320047  -0.344162  -0.368241
 -0.392281  -0.416232  -0.440058  -0.463730
 -0.487229  -0.510550  -0.533695  -0.556678
 -0.579523  -0.602264  -0.624947  -0.647600
 -0.670158  -0.692557  -0.714749  -0.736701
 -0.758396  -0.779832  -0.801020  -0.821989
 -0.842782  -0.863455  -0.884061  -0.904530
 -0.924786  -0.944771  -0.964449  -0.983801
 -1.002825  -1.021541  -1.039983  -1.058207
 -1.076285  -1.094248  -1.111999  -1.129459
 -1.146574  -1.163309  -1.179652  -1.195614
 -1.211226  -1.226543  -1.241640  -1.256568
 -1.271031  -1.284865  -1.297993  -1.310364
 -1.321961  -1.332794  -1.342906  -1.352368
 -1.361284  -1.369786  -1.377961  -1.385723
 -1.392989  -1.399716  -1.405897  -1.411563
 -1.416783  -1.421663  -1.426348  -1.430925
 -1.435257  -1.439270  -1.442919  -1.446191
 -1.449101  -1.451695  -1.454045  -1.456255
 -1.458424  -1.460470  -1.462313  -1.463904
 -1.465216  -1.466247  -1.467020  -1.467581
 -1.467998  -1.468366  -1.468721  -1.468962
 -1.469017  -1.468839  -1.468400  -1.467693
 -1.466734  -1.465561  -1.464230  -1.462822
 -1.461397  -1.459863  -1.458125  -1.456116
 -1.453790  -1.451127  -1.448127  -1.444818
 -1.441246  -1.437485  -1.433630  -1.429670
 -1.425476  -1.420950  -1.416022  -1.410649
 -1.404818  -1.398537  -1.391847  -1.384813
 -1.377528  -1.370117  -1.362570  -1.354623
 -1.346055  -1.336709  -1.326491  -1.315373
 -1.303390  -1.290639  -1.277285  -1.263548
 -1.249460  -1.234900  -1.219802  -1.204137
 -1.187912  -1.171173  -1.153999  -1.136509
 -1.118857  -1.101171  -1.083279  -1.065118
 -1.046663  -1.027907  -1.008859  -0.989548
 -0.970017  -0.950330  -0.930550  -0.910643
 -0.890558  -0.870262  -0.849738  -0.828985
 -0.808015  -0.786858  -0.765556  -0.744169
 -0.722739  -0.701208  -0.679534  -0.657688
 -0.635657  -0.613437  -0.591039  -0.568487
 -0.545817  -0.523078  -0.500318  -0.477489
 -0.454553  -0.431487  -0.408277  -0.384922
 -0.361427  -0.337808  -0.314094  -0.290318
 -0.266525  -0.242695  -0.218792  -0.194802
 -0.170718  -0.146538  -0.122267  -0.097915
 -0.073500  -0.049045  -0.024579  -0.000096
  0.024427   0.048992   0.073602   0.098254
  0.122943   0.147662   0.172401   0.197146
  0.221884   0.246624   0.271366   0.296104
  0.320832   0.345541   0.370223   0.394868
  0.419463   0.443998   0.468459   0.492862
  0.517225   0.541503   0.565658   0.589661
  0.613490   0.637132   0.660582   0.683842
  0.706923   0.729842   0.752627   0.775307
  0.797810   0.820084   0.842113   0.863887
  0.885399   0.906648   0.929585   0.949246
  0.961213   0.974877   0.998094   1.017233
  1.030278   1.042262   1.057661   1.081484
  1.096659   1.110044   1.127579   1.145839
  1.163717   1.175729   1.188893   1.209463
  1.223952   1.237465   1.256426   1.268643
  1.282461   1.299235   1.310844   1.323904
  1.338655   1.349641   1.360918   1.375970
  1.389056   1.402060   1.413966   1.420826
  1.425689   1.434370   1.452189   1.456934
  1.465736   1.482055   1.494172   1.498744
  1.505903   1.517409   1.515547   1.511939
  1.529241   1.536473   1.537426   1.555504
  1.550689   1.547167   1.543096   1.562535
  1.559616   1.571302   1.565117   1.574808
  1.573375   1.563852   1.583675   1.576816
 31.515927  25.669382  20.756180  16.646828
 13.222157  10.375996   8.016054   6.062555
  4.449286   3.118538   2.021398   1.121231
  0.385572  -0.215197  -0.706412  -1.104383
 -1.422448  -1.673530  -1.870074  -2.023635
 -2.140777  -2.225345  -2.281504  -2.313726
 -2.326766  -2.325623  -2.313641  -2.291184
 -2.258876  -2.217828  -2.169619  -2.116277
 -2.060266  -2.004195  -1.948158  -1.891224
 -1.833088  -1.774045  -1.714970  -1.657304
 -1.603038  -1.530368  -1.432928  -1.349673
 -1.279475  -1.221179  -1.173628  -1.135667
 -1.106136  -1.083872  -1.067705  -1.056481
 -1.051909  -1.054076  -1.061174  -1.071848
 -1.085179  -1.100672  -1.118250  -1.138242
 -1.161386  -1.188825  -1.222106  -1.260711
 -1.302214  -1.345311  -1.389036  -1.432756
 -1.476173  -1.519327  -1.562596  -1.606703
 -1.652724  -1.701275  -1.750418  -1.799180
 -1.846899  -1.893118  -1.937596  -1.980303
 -2.021429  -2.061384  -2.100806  -2.140083
 -2.178122  -2.214355  -2.248388  -2.279954
 -2.308908  -2.335235  -2.359052  -2.380605
 -2.400277  -2.418404  -2.434313  -2.447707
 -2.458440  -2.466410  -2.471557  -2.473871
 -2.473383  -2.470176  -2.464378  -2.456167
 -2.445237  -2.431378  -2.414822  -2.395751
 -2.374295  -2.350533  -2.324491  -2.296138
 -2.265392  -2.232113  -2.196104  -2.156782
 -2.114176  -2.069303  -2.022994  -1.975873
 -1.928356  -1.880645  -1.832727  -1.784369
 -1.735114  -1.684281  -1.630959  -1.574589
 -1.516743  -1.458962  -1.402455  -1.348110
 -1.296492  -1.247840  -1.202057  -1.158717
 -1.117057  -1.075979  -1.034524  -0.994460
 -0.957749  -0.925862  -0.899850  -0.880341
 -0.867537  -0.861219  -0.860750  -0.865079
 -0.872750  -0.883273  -0.898923  -0.921503
 -0.952283  -0.992009  -1.040909  -1.098701
 -1.164612  -1.237388  -1.315321  -1.397204
 -1.468899  -1.509366  -1.560359  -1.622507
 -1.695794  -1.779582  -1.872625  -1.973093
 -2.078587  -2.186164  -2.293813  -2.402834
 -2.514408  -2.628970  -2.746230  -2.865193
 -2.984190  -3.100891  -3.212331  -3.316618
 -3.415995  -3.511523  -3.603675  -3.692401
 -3.777145  -3.856856  -3.930003  -3.994581
 -4.048685  -4.093599  -4.130572  -4.160321
 -4.183157  -4.199002  -4.207387  -4.207461
 -4.197990  -4.177359  -4.144921  -4.102438
 -4.051131  -3.991873  -3.925194  -3.851281
 -3.769976  -3.680774  -3.582815  -3.474880
 -3.356063  -3.228144  -3.092933  -2.951835
 -2.805880  -2.655714  -2.501590  -2.343361
 -2.180463  -2.011907  -1.836283  -1.654031
 -1.467826  -1.279768  -1.091503  -0.904206
 -0.718570  -0.534783  -0.352519  -0.170911
  0.011458   0.196713   0.384394   0.569075
  0.746049   0.911792   1.115202   1.320673
  1.508558   1.680149   1.838203   1.986871
  2.126626   2.254761   2.369701   2.470660
  2.557673   2.631617   2.694240   2.748173
  2.796943   2.843553   2.884470   2.918453
  2.945148   2.964598   2.977242   2.983924
  2.985891   2.984791   2.982340   2.977968
  2.970756   2.960196   2.946117   2.928684
  2.908397   2.886089   2.862921   2.840379
  2.819575   2.799326   2.778794   2.757466
  2.735104   2.711751   2.687725   2.663612
  2.640266   2.618799   2.600259   2.583609
  2.567991   2.552900   2.538041   2.523329
  2.508879   2.495009   2.482234   2.471260
  2.462925   2.456703   2.451790   2.447809
  2.444516   2.441793   2.439650   2.438222
  2.437762   2.438643   2.441347   2.445619
  2.450908   2.457028   2.463848   2.471292
  2.479336   2.488008   2.497386   2.507595
  2.518769   2.530595   2.542920   2.555711
  2.568947   2.582621   2.596733   2.611296
  2.626329   2.641858   2.657919   2.673993
  2.689551   2.705161   2.721235   2.738024
  2.755613   2.773930   2.792746   2.811680
  2.830201   2.847629   2.863141   2.875847
  2.886614   2.895926   2.903612   2.909418
  2.913015   2.913998   2.878491   2.005685
  2.141825   3.125607   2.152917   2.134366
  2.221651   2.321278   2.349343   2.211273
  2.226440   2.266741   2.220119   2.150412
  2.078222   2.107961   2.832561   1.953531
  1.906672   2.479495   1.714753   1.681186
  2.064744   1.462688   1.410162   1.589033
  1.183010   1.312121   1.225410   0.621019
  0.393089   0.153215  -0.076626  -0.209828
  0.557186   0.457385  -0.904457   0.121108
 -0.007247  -1.657532  -1.977627  -2.129156
 -2.346721  -2.674877  -2.685624  -0.776584
 -3.136530  -3.377579  -3.463974  -3.982960
 -3.925841  -3.898801  -1.483813  -4.415136
 -4.398945  -4.760084  -4.654124  -4.959905
 -4.972314  -4.768984  -5.333338  -5.193084
